MEME version 4

ALPHABET= ACGT

strands: + -


MOTIF MA0006.1
letter-probability matrix:
0.125 0.3333333333333333 0.4583333333333333 0.08333333333333333
0.0 0.0 0.041666666666666664 0.9583333333333334
0.0 0.9583333333333334 0.041666666666666664 0.0
0.0 0.0 0.041666666666666664 0.9583333333333334
0.0 0.0 1.0 0.0
0.0 0.0 0.0 1.0


MOTIF MA0854.1
letter-probability matrix:
0.19 0.44 0.2 0.17
0.07 0.21 0.07 0.65
0.38 0.33 0.15 0.14
0.43 0.09 0.17 0.31
0.05 0.4 0.53 0.02
0.01 0.07 0.92 0.0
0.98989898989899 0.0 0.0 0.010101010101010102
0.98 0.0 0.01 0.01
0.01 0.01 0.98 0.0
0.0 0.010101010101010102 0.98989898989899 0.0
0.92 0.0 0.01 0.07
0.53 0.02 0.05 0.4
0.15 0.21 0.53 0.11
0.23 0.32 0.29 0.16
0.3939393939393939 0.31313131313131315 0.1717171717171717 0.12121212121212122
0.24 0.29 0.24 0.23
0.15 0.4 0.31 0.14


MOTIF PH0010.1
letter-probability matrix:
0.19 0.44 0.2 0.17
0.07 0.21 0.07 0.65
0.38 0.33 0.15 0.14
0.43 0.09 0.17 0.31
0.05 0.4 0.53 0.02
0.01 0.07 0.92 0.0
0.98989898989899 0.0 0.0 0.010101010101010102
0.98 0.0 0.01 0.01
0.01 0.01 0.98 0.0
0.0 0.010101010101010102 0.98989898989899 0.0
0.92 0.0 0.01 0.07
0.53 0.02 0.05 0.4
0.15 0.21 0.53 0.11
0.23 0.32 0.29 0.16
0.3939393939393939 0.31313131313131315 0.1717171717171717 0.12121212121212122
0.24 0.29 0.24 0.23
0.15 0.4 0.31 0.14


MOTIF PH0011.1
letter-probability matrix:
0.17 0.41 0.22 0.2
0.3333333333333333 0.21212121212121213 0.10101010101010101 0.35353535353535354
0.29292929292929293 0.46464646464646464 0.1414141414141414 0.10101010101010101
0.32323232323232326 0.20202020202020202 0.21212121212121213 0.26262626262626265
0.019801980198019802 0.2376237623762376 0.7326732673267327 0.009900990099009901
0.01 0.04 0.95 0.0
0.98989898989899 0.0 0.0 0.010101010101010102
0.98 0.0 0.01 0.01
0.01 0.01 0.98 0.0
0.0 0.010101010101010102 0.98989898989899 0.0
0.95 0.0 0.01 0.04
0.7326732673267327 0.009900990099009901 0.019801980198019802 0.2376237623762376
0.15841584158415842 0.21782178217821782 0.42574257425742573 0.19801980198019803
0.1717171717171717 0.23232323232323232 0.40404040404040403 0.1919191919191919
0.24242424242424243 0.20202020202020202 0.23232323232323232 0.32323232323232326
0.25742574257425743 0.2079207920792079 0.24752475247524752 0.2871287128712871
0.27 0.34 0.18 0.21


MOTIF PH0001.1
letter-probability matrix:
0.3 0.03 0.54 0.13
0.37 0.2 0.19 0.24
0.41 0.18 0.25 0.16
0.5353535353535354 0.15151515151515152 0.08080808080808081 0.23232323232323232
0.04 0.48 0.47 0.01
0.0 0.08080808080808081 0.9191919191919192 0.0
0.99 0.01 0.0 0.0
0.99 0.0 0.0 0.01
0.0 0.01 0.99 0.0
0.0 0.0 0.99 0.01
0.9191919191919192 0.0 0.0 0.08080808080808081
0.47 0.01 0.04 0.48
0.08080808080808081 0.4444444444444444 0.42424242424242425 0.050505050505050504
0.07 0.15 0.68 0.1
0.24 0.27 0.15 0.34
0.43 0.19 0.24 0.14
0.26 0.25 0.2 0.29


MOTIF PH0002.1
letter-probability matrix:
0.15841584158415842 0.5841584158415841 0.10891089108910891 0.1485148514851485
0.1 0.24 0.1 0.56
0.19 0.44 0.21 0.16
0.4 0.15 0.16 0.29
0.020202020202020204 0.3434343434343434 0.6262626262626263 0.010101010101010102
0.009900990099009901 0.07920792079207921 0.9108910891089109 0.0
0.9801980198019802 0.009900990099009901 0.0 0.009900990099009901
0.98 0.0 0.01 0.01
0.01 0.01 0.98 0.0
0.0 0.009900990099009901 0.9801980198019802 0.009900990099009901
0.9108910891089109 0.0 0.009900990099009901 0.07920792079207921
0.6262626262626263 0.010101010101010102 0.020202020202020204 0.3434343434343434
0.17 0.23 0.42 0.18
0.29 0.28 0.3 0.13
0.36 0.23 0.22 0.19
0.23 0.29 0.23 0.25
0.12 0.43 0.24 0.21


MOTIF MA0853.1
letter-probability matrix:
0.15841584158415842 0.5841584158415841 0.10891089108910891 0.1485148514851485
0.1 0.24 0.1 0.56
0.19 0.44 0.21 0.16
0.4 0.15 0.16 0.29
0.020202020202020204 0.3434343434343434 0.6262626262626263 0.010101010101010102
0.009900990099009901 0.07920792079207921 0.9108910891089109 0.0
0.9801980198019802 0.009900990099009901 0.0 0.009900990099009901
0.98 0.0 0.01 0.01
0.01 0.01 0.98 0.0
0.0 0.009900990099009901 0.9801980198019802 0.009900990099009901
0.9108910891089109 0.0 0.009900990099009901 0.07920792079207921
0.6262626262626263 0.010101010101010102 0.020202020202020204 0.3434343434343434
0.17 0.23 0.42 0.18
0.29 0.28 0.3 0.13
0.36 0.23 0.22 0.19
0.23 0.29 0.23 0.25
0.12 0.43 0.24 0.21


MOTIF MA0007.3
letter-probability matrix:
0.35267569310122504 0.05383623468729852 0.09219858156028368 0.5012894906511928
0.29380475594493116 0.005319148936170213 0.005944931163954944 0.6949311639549437
0.002077382498052454 0.0 0.0015580368735393405 0.9963645806284082
0.44349759170062986 0.10781771026306039 0.3805113004816599 0.06817339755464986
0.9949494949494949 0.002295684113865932 0.0013774104683195593 0.0013774104683195593
0.0018181818181818182 0.995 0.0009090909090909091 0.0022727272727272726
0.867883528900478 0.008691873098652759 0.0047805302042590175 0.11864406779661017
0.0806647750304013 0.4977705715443859 0.28860964734495337 0.13295500608025942
0.2099550898203593 0.2286676646706587 0.1904940119760479 0.3708832335329341
0.2616984402079723 0.08665511265164645 0.07175043327556326 0.579896013864818
0.011591148577449948 0.09729539866526168 0.8883034773445733 0.0028099754127151387
0.0 0.0011040574109853713 0.0002760143527463428 0.9986199282362683
0.007874015748031496 0.0014316392269148174 0.9906943450250537 0.0
0.4541999239832763 0.042569365260357275 0.41581147852527556 0.08741923223109084
0.0032095369096744614 0.9931224209078404 0.0036680421824850985 0.0
0.013305613305613306 0.6411642411642412 0.3446985446985447 0.0008316008316008316
0.15478761699064075 0.3930885529157667 0.3286537077033837 0.12347012239020878


MOTIF MA0151.1
letter-probability matrix:
1.0 0.0 0.0 0.0
0.0 0.0 1.0 0.0
0.037037037037037035 0.3333333333333333 0.6296296296296297 0.0
1.0 0.0 0.0 0.0
1.0 0.0 0.0 0.0
0.7407407407407407 0.0 0.2222222222222222 0.037037037037037035


MOTIF PB0001.1
letter-probability matrix:
0.18 0.27 0.17 0.38
0.21 0.22 0.22 0.35
0.18181818181818182 0.21212121212121213 0.26262626262626265 0.3434343434343434
0.22 0.2 0.39 0.19
0.09 0.11 0.72 0.08
0.039603960396039604 0.09900990099009901 0.8118811881188119 0.04950495049504951
0.7 0.01 0.11 0.18
0.89 0.0 0.11 0.0
0.11 0.0 0.89 0.0
0.11 0.18 0.7 0.01
0.8118811881188119 0.04950495049504951 0.039603960396039604 0.09900990099009901
0.72 0.08 0.09 0.11
0.594059405940594 0.04950495049504951 0.26732673267326734 0.0891089108910891
0.47 0.28 0.19 0.06
0.23 0.23 0.35 0.19
0.27 0.23 0.37 0.13
0.24 0.3 0.26 0.2


MOTIF PB0105.1
letter-probability matrix:
0.31 0.28 0.25 0.16
0.25 0.3 0.23 0.22
0.25742574257425743 0.33663366336633666 0.15841584158415842 0.24752475247524752
0.27 0.34 0.06 0.33
0.37373737373737376 0.15151515151515152 0.08080808080808081 0.3939393939393939
0.07 0.19 0.58 0.16
0.81 0.07 0.02 0.1
0.04 0.17 0.69 0.1
0.18 0.58 0.03 0.21
0.5050505050505051 0.0707070707070707 0.1717171717171717 0.25252525252525254
0.35 0.1 0.28 0.27
0.44 0.21 0.1 0.25
0.24752475247524752 0.0891089108910891 0.48514851485148514 0.1782178217821782
0.22 0.32 0.34 0.12
0.2 0.1 0.37 0.33


MOTIF MA0601.1
letter-probability matrix:
0.46846846846846846 0.17717717717717718 0.17717717717717718 0.17717717717717718
0.2732732732732733 0.08008008008008008 0.5665665665665666 0.08008008008008008
0.609 0.119 0.238 0.034
0.1041041041041041 0.0 0.8958958958958959 0.0
0.0 0.0 1.0 0.0
1.0 0.0 0.0 0.0
0.911 0.0 0.089 0.0
0.089 0.0 0.911 0.0
0.26173826173826176 0.16783216783216784 0.4975024975024975 0.07292707292707293
0.49 0.17 0.17 0.17
0.35135135135135137 0.21621621621621623 0.21621621621621623 0.21621621621621623


MOTIF MA0602.1
letter-probability matrix:
0.1782178217821782 0.42574257425742573 0.16831683168316833 0.22772277227722773
0.16161616161616163 0.32323232323232326 0.48484848484848486 0.030303030303030304
0.85 0.03 0.05 0.07
0.9696969696969697 0.0 0.020202020202020204 0.010101010101010102
0.06 0.0 0.93 0.01
0.9207920792079208 0.009900990099009901 0.0594059405940594 0.009900990099009901
0.02 0.01 0.96 0.01
0.04 0.09 0.83 0.04
0.23 0.03 0.22 0.52
0.3434343434343434 0.35353535353535354 0.12121212121212122 0.18181818181818182
0.29 0.13 0.31 0.27
0.57 0.08 0.16 0.19
0.29 0.18 0.27 0.26
0.3434343434343434 0.23232323232323232 0.2727272727272727 0.15151515151515152


MOTIF PB0002.1
letter-probability matrix:
0.1782178217821782 0.42574257425742573 0.16831683168316833 0.22772277227722773
0.16161616161616163 0.32323232323232326 0.48484848484848486 0.030303030303030304
0.85 0.03 0.05 0.07
0.9696969696969697 0.0 0.020202020202020204 0.010101010101010102
0.06 0.0 0.93 0.01
0.9207920792079208 0.009900990099009901 0.0594059405940594 0.009900990099009901
0.02 0.01 0.96 0.01
0.04 0.09 0.83 0.04
0.23 0.03 0.22 0.52
0.3434343434343434 0.35353535353535354 0.12121212121212122 0.18181818181818182
0.29 0.13 0.31 0.27
0.57 0.08 0.16 0.19
0.29 0.18 0.27 0.26
0.3434343434343434 0.23232323232323232 0.2727272727272727 0.15151515151515152


MOTIF PB0106.1
letter-probability matrix:
0.1717171717171717 0.30303030303030304 0.25252525252525254 0.2727272727272727
0.3 0.17 0.23 0.3
0.14 0.27 0.5 0.09
0.2828282828282828 0.1919191919191919 0.2727272727272727 0.25252525252525254
0.2828282828282828 0.36363636363636365 0.1717171717171717 0.18181818181818182
0.67 0.06 0.21 0.06
0.8383838383838383 0.0707070707070707 0.04040404040404041 0.050505050505050504
0.04 0.05 0.81 0.1
0.78 0.12 0.04 0.06
0.09 0.74 0.02 0.15
0.12 0.18 0.01 0.69
0.5353535353535354 0.06060606060606061 0.1414141414141414 0.26262626262626265
0.40594059405940597 0.09900990099009901 0.2079207920792079 0.2871287128712871
0.43 0.14 0.24 0.19
0.15 0.28 0.32 0.25
0.35 0.2 0.17 0.28
0.4444444444444444 0.21212121212121213 0.13131313131313133 0.21212121212121213


MOTIF MA0004.1
letter-probability matrix:
0.2 0.8 0.0 0.0
0.95 0.0 0.0 0.05
0.0 1.0 0.0 0.0
0.0 0.0 0.0 1.0
0.0 0.0 1.0 0.0
0.0 0.0 0.0 1.0


MOTIF MA0259.1
letter-probability matrix:
0.25961538461538464 0.2692307692307692 0.0 0.47115384615384615
0.09615384615384616 0.27884615384615385 0.2980769230769231 0.3269230769230769
0.75 0.019230769230769232 0.009615384615384616 0.22115384615384615
0.0 0.9903846153846154 0.009615384615384616 0.0
0.0 0.0 0.0 1.0
0.0 0.0 1.0 0.0
0.0 0.0 0.0 1.0
0.17307692307692307 0.49038461538461536 0.14423076923076922 0.19230769230769232


MOTIF MA0603.1
letter-probability matrix:
0.251 0.229 0.259 0.261
0.246 0.125 0.071 0.558
0.061938061938061936 0.04395604395604396 0.7512487512487512 0.14285714285714285
0.003 0.997 0.0 0.0
0.953 0.016 0.021 0.01
0.002 0.965 0.024 0.009
0.048 0.003 0.003 0.946
0.054 0.058 0.837 0.051
0.009009009009009009 0.004004004004004004 0.04804804804804805 0.938938938938939
0.255 0.331 0.268 0.146


MOTIF PH0003.1
letter-probability matrix:
0.24 0.22 0.14 0.4
0.13 0.16 0.52 0.19
0.15841584158415842 0.36633663366336633 0.18811881188118812 0.2871287128712871
0.21782178217821782 0.5544554455445545 0.09900990099009901 0.12871287128712872
0.49504950495049505 0.0594059405940594 0.06930693069306931 0.37623762376237624
0.01 0.38 0.6 0.01
0.01 0.13 0.86 0.0
0.98989898989899 0.0 0.010101010101010102 0.0
0.9801980198019802 0.0 0.009900990099009901 0.009900990099009901
0.009900990099009901 0.009900990099009901 0.9801980198019802 0.0
0.010101010101010102 0.0 0.98989898989899 0.0
0.86 0.0 0.01 0.13
0.6 0.01 0.01 0.38
0.16 0.16 0.54 0.14
0.18 0.11 0.27 0.44
0.09 0.36 0.18 0.37
0.53 0.1 0.3 0.07


MOTIF MA0874.1
letter-probability matrix:
0.24 0.22 0.14 0.4
0.13 0.16 0.52 0.19
0.15841584158415842 0.36633663366336633 0.18811881188118812 0.2871287128712871
0.21782178217821782 0.5544554455445545 0.09900990099009901 0.12871287128712872
0.49504950495049505 0.0594059405940594 0.06930693069306931 0.37623762376237624
0.01 0.38 0.6 0.01
0.01 0.13 0.86 0.0
0.98989898989899 0.0 0.010101010101010102 0.0
0.9801980198019802 0.0 0.009900990099009901 0.009900990099009901
0.009900990099009901 0.009900990099009901 0.9801980198019802 0.0
0.010101010101010102 0.0 0.98989898989899 0.0
0.86 0.0 0.01 0.13
0.6 0.01 0.01 0.38
0.16 0.16 0.54 0.14
0.18 0.11 0.27 0.44
0.09 0.36 0.18 0.37
0.53 0.1 0.3 0.07


MOTIF MA0816.1
letter-probability matrix:
0.6732954545454546 0.10227272727272728 0.045454545454545456 0.17897727272727273
0.3742690058479532 0.11988304093567251 0.0029239766081871343 0.5029239766081871
0.009868421052631578 0.9868421052631579 0.003289473684210526 0.0
0.9523809523809523 0.0 0.047619047619047616 0.0
0.020114942528735632 0.06609195402298851 0.05172413793103448 0.8620689655172413
0.00980392156862745 0.9803921568627451 0.0032679738562091504 0.006535947712418301
0.013157894736842105 0.0 0.9868421052631579 0.0
0.0 0.0033003300330033004 0.006600660066006601 0.9900990099009901
0.018691588785046728 0.6417445482866043 0.29283489096573206 0.04672897196261682
0.09392265193370165 0.27900552486187846 0.5497237569060773 0.07734806629834254


MOTIF PB0003.1
letter-probability matrix:
0.16831683168316833 0.32673267326732675 0.31683168316831684 0.18811881188118812
0.15 0.19 0.42 0.24
0.09090909090909091 0.48484848484848486 0.30303030303030304 0.12121212121212122
0.47 0.2 0.1 0.23
0.29 0.18 0.08 0.45
0.01 0.97 0.01 0.01
0.95 0.01 0.03 0.01
0.01 0.18 0.05 0.76
0.05 0.82 0.01 0.12
0.02 0.01 0.96 0.01
0.009900990099009901 0.009900990099009901 0.009900990099009901 0.9702970297029703
0.04 0.72 0.15 0.09
0.12 0.24 0.47 0.17
0.32 0.32 0.07 0.29
0.2 0.37 0.27 0.16
0.22 0.21 0.38 0.19
0.1485148514851485 0.13861386138613863 0.32673267326732675 0.38613861386138615


MOTIF PB0107.1
letter-probability matrix:
0.11 0.35 0.25 0.29
0.19 0.25 0.44 0.12
0.34 0.3 0.16 0.2
0.31 0.12 0.41 0.16
0.1414141414141414 0.6060606060606061 0.13131313131313133 0.12121212121212122
0.07920792079207921 0.7128712871287128 0.06930693069306931 0.13861386138613863
0.1485148514851485 0.6831683168316832 0.09900990099009901 0.06930693069306931
0.13861386138613863 0.6435643564356436 0.0891089108910891 0.12871287128712872
0.34 0.09 0.2 0.37
0.030303030303030304 0.6363636363636364 0.26262626262626265 0.0707070707070707
0.12 0.62 0.16 0.1
0.11 0.63 0.17 0.09
0.2 0.25 0.33 0.22
0.42 0.12 0.18 0.28
0.10891089108910891 0.21782178217821782 0.42574257425742573 0.24752475247524752
0.19 0.3 0.36 0.15


MOTIF MA0604.1
letter-probability matrix:
0.462 0.086 0.065 0.387
0.024 0.016 0.96 0.0
0.0 0.022 0.175 0.803
1.0 0.0 0.0 0.0
0.0 1.0 0.0 0.0
0.007 0.0 0.0 0.993
0.09 0.198 0.712 0.0
0.5994005994005994 0.13786213786213786 0.0999000999000999 0.16283716283716285


MOTIF PB0004.1
letter-probability matrix:
0.38 0.14 0.24 0.24
0.13861386138613863 0.4158415841584158 0.24752475247524752 0.19801980198019803
0.16 0.1 0.33 0.41
0.47 0.1 0.04 0.39
0.009900990099009901 0.0297029702970297 0.9504950495049505 0.009900990099009901
0.010101010101010102 0.010101010101010102 0.1111111111111111 0.8686868686868687
0.9696969696969697 0.0 0.020202020202020204 0.010101010101010102
0.0 0.9595959595959596 0.04040404040404041 0.0
0.04040404040404041 0.0 0.0 0.9595959595959596
0.020202020202020204 0.010101010101010102 0.9696969696969697 0.0
0.1111111111111111 0.8686868686868687 0.010101010101010102 0.010101010101010102
0.9504950495049505 0.009900990099009901 0.009900990099009901 0.0297029702970297
0.05 0.36 0.45 0.14
0.23 0.45 0.18 0.14
0.26262626262626265 0.10101010101010101 0.1414141414141414 0.494949494949495
0.35 0.18 0.23 0.24


MOTIF PB0108.1
letter-probability matrix:
0.19 0.21 0.18 0.42
0.32 0.11 0.28 0.29
0.65 0.11 0.04 0.2
0.04 0.05 0.86 0.05
0.08 0.05 0.06 0.81
0.8217821782178217 0.039603960396039604 0.06930693069306931 0.06930693069306931
0.04 0.86 0.05 0.05
0.16 0.03 0.03 0.78
0.5656565656565656 0.23232323232323232 0.12121212121212122 0.08080808080808081
0.4 0.02 0.23 0.35
0.02 0.26 0.51 0.21
0.69 0.07 0.14 0.1
0.45544554455445546 0.10891089108910891 0.25742574257425743 0.1782178217821782
0.26 0.3 0.24 0.2


MOTIF MA0605.1
letter-probability matrix:
0.087 0.131 0.087 0.695
0.828 0.0 0.0 0.172
0.0 0.0 1.0 0.0
0.0 0.0 0.048 0.952
1.0 0.0 0.0 0.0
0.0 1.0 0.0 0.0
0.10810810810810811 0.0 0.08108108108108109 0.8108108108108109
0.0969030969030969 0.1938061938061938 0.6763236763236763 0.03296703296703297


MOTIF MA0461.1
letter-probability matrix:
0.0 1.0 0.0 0.0
1.0 0.0 0.0 0.0
0.0 0.0 0.0 1.0
0.5508166969147006 0.44918330308529947 0.0 0.0
0.20184080891884884 0.0 0.7981591910811512 0.0
0.0 0.0 0.0 1.0
0.0 0.0 0.0 1.0
0.0 0.619652579725175 0.380347420274825 0.0


MOTIF MA0461.2
letter-probability matrix:
0.5485762144053601 0.09045226130653267 0.049413735343383586 0.31155778894472363
0.5092502434274586 0.3252190847127556 0.02044790652385589 0.1450827653359299
0.03899721448467967 0.9535747446610956 0.0 0.007428040854224698
0.9500462534690102 0.018501387604070305 0.0 0.03145235892691952
0.014285714285714285 0.008403361344537815 0.8630252100840337 0.11428571428571428
0.932788374205268 0.06721162579473206 0.0 0.0
0.020793950850661626 0.003780718336483932 0.9706994328922496 0.004725897920604915
0.001885014137606032 0.000942507068803016 0.029217719132893498 0.9679547596606974
0.033073929961089495 0.22762645914396887 0.3735408560311284 0.3657587548638132
0.09992193598750976 0.38563622170179546 0.41608118657298987 0.09836065573770492


MOTIF MA0591.1
letter-probability matrix:
0.39473684210526316 0.12280701754385964 0.12280701754385964 0.35964912280701755
0.12280701754385964 0.3157894736842105 0.15789473684210525 0.40350877192982454
0.13157894736842105 0.35964912280701755 0.03508771929824561 0.47368421052631576
0.5789473684210527 0.14035087719298245 0.0 0.2807017543859649
0.017543859649122806 0.008771929824561403 0.9736842105263158 0.0
0.0 0.0 0.06140350877192982 0.9385964912280702
0.9912280701754386 0.0 0.008771929824561403 0.0
0.0 0.8245614035087719 0.0 0.17543859649122806
0.008771929824561403 0.0 0.956140350877193 0.03508771929824561
0.043859649122807015 0.9385964912280702 0.0 0.017543859649122806
0.9473684210526315 0.008771929824561403 0.017543859649122806 0.02631578947368421
0.0 0.008771929824561403 0.0 0.9912280701754386
0.0 1.0 0.0 0.0
0.8596491228070176 0.03508771929824561 0.05263157894736842 0.05263157894736842
0.10526315789473684 0.3684210526315789 0.19298245614035087 0.3333333333333333


MOTIF PH0005.1
letter-probability matrix:
0.47 0.21 0.18 0.14
0.61 0.12 0.13 0.14
0.28 0.42 0.17 0.13
0.7425742574257426 0.06930693069306931 0.04950495049504951 0.13861386138613863
0.7272727272727273 0.020202020202020204 0.030303030303030304 0.2222222222222222
0.08 0.61 0.13 0.18
0.01 0.76 0.23 0.0
0.95 0.01 0.01 0.03
0.89 0.01 0.1 0.0
0.0 0.0 1.0 0.0
0.009900990099009901 0.009900990099009901 0.9801980198019802 0.0
0.98 0.0 0.02 0.0
0.55 0.03 0.09 0.33
0.12 0.19 0.36 0.33
0.27 0.18 0.32 0.23
0.22 0.42 0.22 0.14


MOTIF MA0877.1
letter-probability matrix:
0.1938058748403576 0.25909961685823757 0.2081736909323116 0.33892081736909324
0.17988826815642459 0.34461292897047086 0.2965682362330407 0.17893056664006385
0.0855568445475638 0.005945475638051044 0.9084976798143851 0.0
0.9639944606862594 0.0 0.027850438529004463 0.008155100784736113
0.9933407325194229 0.0 0.0004756619628983669 0.00618360551767877
0.2729493009937679 0.03520296446016507 0.5276233788108472 0.16422435573521982
0.15545454545454546 0.16669421487603306 0.5177685950413223 0.16008264462809918
0.19497898694978988 0.037270515372705156 0.07487281574872816 0.6928776819287769
0.18135376756066413 0.32774584929757344 0.19731800766283525 0.2935823754789272
0.15722266560255388 0.28092577813248204 0.37110933758978454 0.19074221867517957


MOTIF PH0006.1
letter-probability matrix:
0.46464646464646464 0.2222222222222222 0.1919191919191919 0.12121212121212122
0.5757575757575758 0.18181818181818182 0.16161616161616163 0.08080808080808081
0.51 0.3 0.14 0.05
0.78 0.04 0.05 0.13
0.900990099009901 0.019801980198019802 0.009900990099009901 0.06930693069306931
0.19 0.44 0.2 0.17
0.0 0.94 0.06 0.0
0.95 0.0 0.01 0.04
0.96 0.01 0.03 0.0
0.0 0.0 1.0 0.0
0.0 0.0 1.0 0.0
0.99 0.0 0.01 0.0
0.73 0.02 0.11 0.14
0.1 0.33 0.22 0.35
0.39 0.21 0.25 0.15
0.32323232323232326 0.2727272727272727 0.2828282828282828 0.12121212121212122


MOTIF PH0007.1
letter-probability matrix:
0.5050505050505051 0.26262626262626265 0.1414141414141414 0.09090909090909091
0.48514851485148514 0.2376237623762376 0.15841584158415842 0.1188118811881188
0.5247524752475248 0.0594059405940594 0.0297029702970297 0.38613861386138615
0.18 0.3 0.08 0.44
0.01 0.46 0.53 0.0
0.93 0.05 0.0 0.02
0.98989898989899 0.010101010101010102 0.0 0.0
0.0 0.0 0.98989898989899 0.010101010101010102
0.0 0.02 0.93 0.05
0.53 0.0 0.01 0.46
0.06 0.39 0.15 0.4
0.0297029702970297 0.38613861386138615 0.5247524752475248 0.0594059405940594
0.24752475247524752 0.2079207920792079 0.24752475247524752 0.297029702970297
0.38 0.23 0.23 0.16
0.56 0.08 0.21 0.15
0.31313131313131315 0.1414141414141414 0.46464646464646464 0.08080808080808081


MOTIF PH0008.1
letter-probability matrix:
0.19 0.15 0.51 0.15
0.51 0.17 0.2 0.12
0.6363636363636364 0.1111111111111111 0.020202020202020204 0.23232323232323232
0.10891089108910891 0.19801980198019803 0.3069306930693069 0.38613861386138615
0.01 0.27 0.72 0.0
0.96 0.03 0.01 0.0
0.98 0.01 0.01 0.0
0.01 0.0 0.98 0.01
0.01 0.0 0.96 0.03
0.72 0.0 0.01 0.27
0.27 0.23 0.15 0.35
0.020202020202020204 0.23232323232323232 0.6363636363636364 0.1111111111111111
0.1 0.1 0.42 0.38
0.34 0.1 0.24 0.32
0.1782178217821782 0.19801980198019803 0.5148514851485149 0.10891089108910891
0.3838383838383838 0.1111111111111111 0.1717171717171717 0.3333333333333333


MOTIF PB0005.1
letter-probability matrix:
0.24242424242424243 0.1919191919191919 0.4444444444444444 0.12121212121212122
0.6039603960396039 0.15841584158415842 0.1782178217821782 0.0594059405940594
0.46 0.14 0.18 0.22
0.13131313131313133 0.030303030303030304 0.7878787878787878 0.050505050505050504
0.09 0.02 0.87 0.02
0.14 0.75 0.05 0.06
0.9108910891089109 0.0297029702970297 0.039603960396039604 0.019801980198019802
0.45454545454545453 0.08080808080808081 0.3434343434343434 0.12121212121212122
0.039603960396039604 0.019801980198019802 0.9108910891089109 0.0297029702970297
0.05 0.06 0.14 0.75
0.87 0.02 0.09 0.02
0.7878787878787878 0.050505050505050504 0.13131313131313133 0.030303030303030304
0.12121212121212122 0.2828282828282828 0.24242424242424243 0.35353535353535354
0.29 0.13 0.46 0.12
0.33 0.06 0.26 0.35


MOTIF PB0109.1
letter-probability matrix:
0.19801980198019803 0.22772277227722773 0.39603960396039606 0.1782178217821782
0.30303030303030304 0.2727272727272727 0.08080808080808081 0.3434343434343434
0.48514851485148514 0.1485148514851485 0.3069306930693069 0.0594059405940594
0.22 0.27 0.3 0.21
0.16161616161616163 0.26262626262626265 0.31313131313131315 0.26262626262626265
0.0707070707070707 0.04040404040404041 0.0707070707070707 0.8181818181818182
0.06060606060606061 0.030303030303030304 0.8181818181818182 0.09090909090909091
0.05 0.1 0.8 0.05
0.82 0.05 0.04 0.09
0.7425742574257426 0.1782178217821782 0.04950495049504951 0.0297029702970297
0.16 0.69 0.11 0.04
0.64 0.14 0.06 0.16
0.14 0.27 0.17 0.42
0.28 0.23 0.33 0.16
0.17 0.23 0.31 0.29
0.297029702970297 0.12871287128712872 0.18811881188118812 0.38613861386138615
0.28 0.21 0.14 0.37


MOTIF MA0463.1
letter-probability matrix:
0.1997907949790795 0.1788702928870293 0.36506276150627615 0.25627615062761505
0.036610878661087864 0.02301255230125523 0.9110878661087866 0.029288702928870293
0.005230125523012552 0.08368200836820083 0.8797071129707112 0.03138075313807531
0.03138075313807531 0.9163179916317992 0.027196652719665274 0.02510460251046025
0.0 0.856694560669456 0.14330543933054393 0.0
0.0 0.0 1.0 0.0
0.4665271966527197 0.0899581589958159 0.02092050209205021 0.4225941422594142
0.14853556485355648 0.0 0.0 0.8514644351464435
0.9843096234309623 0.0 0.0041841004184100415 0.011506276150627616
0.6715481171548117 0.10564853556485355 0.0397489539748954 0.18305439330543932
0.643305439330544 0.007322175732217573 0.12656903765690378 0.22280334728033474
0.10564853556485355 0.09623430962343096 0.13912133891213388 0.6589958158995816
0.19769874476987448 0.5167364016736402 0.16422594142259414 0.12133891213389121
0.38598326359832635 0.19665271966527198 0.24372384937238495 0.17364016736401675


MOTIF PB0006.1
letter-probability matrix:
0.35 0.08 0.37 0.2
0.17 0.6 0.18 0.05
0.0891089108910891 0.10891089108910891 0.7425742574257426 0.0594059405940594
0.13 0.08 0.71 0.08
0.03 0.01 0.94 0.02
0.01 0.87 0.11 0.01
0.02 0.1 0.43 0.45
0.8 0.01 0.17 0.02
0.14 0.06 0.04 0.76
0.0707070707070707 0.020202020202020204 0.09090909090909091 0.8181818181818182
0.88 0.02 0.06 0.04
0.88 0.03 0.08 0.01
0.21 0.21 0.54 0.04
0.24 0.23 0.36 0.17
0.21 0.3 0.34 0.15
0.20202020202020202 0.29292929292929293 0.1717171717171717 0.3333333333333333


MOTIF PB0110.1
letter-probability matrix:
0.32 0.28 0.25 0.15
0.16831683168316833 0.25742574257425743 0.31683168316831684 0.25742574257425743
0.1782178217821782 0.32673267326732675 0.2376237623762376 0.25742574257425743
0.16831683168316833 0.38613861386138615 0.2079207920792079 0.2376237623762376
0.07 0.78 0.08 0.07
0.05 0.8 0.12 0.03
0.2222222222222222 0.06060606060606061 0.16161616161616163 0.5555555555555556
0.0707070707070707 0.8282828282828283 0.0707070707070707 0.030303030303030304
0.07 0.85 0.02 0.06
0.03 0.86 0.05 0.06
0.06 0.8 0.07 0.07
0.35 0.03 0.42 0.2
0.3069306930693069 0.25742574257425743 0.25742574257425743 0.1782178217821782
0.46 0.29 0.16 0.09
0.32 0.23 0.28 0.17
0.37 0.27 0.16 0.2


MOTIF MA0607.1
letter-probability matrix:
0.14285714285714285 0.5704295704295704 0.000999000999000999 0.2857142857142857
0.0 1.0 0.0 0.0
1.0 0.0 0.0 0.0
0.0 0.0 0.7997997997997998 0.2002002002002002
0.7997997997997998 0.2002002002002002 0.0 0.0
0.0 0.0 1.0 0.0
0.0 0.0 0.0 1.0
0.001 0.231 0.614 0.154


MOTIF PB0007.1
letter-probability matrix:
0.35 0.11 0.14 0.4
0.3 0.18 0.2 0.32
0.42424242424242425 0.2222222222222222 0.24242424242424243 0.1111111111111111
0.39 0.13 0.32 0.16
0.20202020202020202 0.24242424242424243 0.25252525252525254 0.30303030303030304
0.3465346534653465 0.18811881188118812 0.18811881188118812 0.27722772277227725
0.23 0.14 0.22 0.41
0.04 0.01 0.72 0.23
0.06 0.94 0.0 0.0
0.97 0.0 0.01 0.02
0.0 0.96 0.03 0.01
0.03 0.01 0.0 0.96
0.01 0.02 0.97 0.0
0.0 0.0 0.06 0.94
0.72 0.23 0.04 0.01
0.019801980198019802 0.46534653465346537 0.19801980198019803 0.31683168316831684
0.17 0.36 0.26 0.21
0.41 0.26 0.2 0.13
0.35 0.21 0.18 0.26
0.21 0.28 0.31 0.2
0.43434343434343436 0.1111111111111111 0.2727272727272727 0.18181818181818182
0.21212121212121213 0.36363636363636365 0.25252525252525254 0.1717171717171717


MOTIF PB0111.1
letter-probability matrix:
0.12121212121212122 0.3434343434343434 0.41414141414141414 0.12121212121212122
0.22 0.17 0.19 0.42
0.13 0.26 0.51 0.1
0.13861386138613863 0.40594059405940597 0.16831683168316833 0.2871287128712871
0.297029702970297 0.15841584158415842 0.24752475247524752 0.297029702970297
0.22 0.29 0.34 0.15
0.05 0.03 0.8 0.12
0.52 0.29 0.02 0.17
0.050505050505050504 0.9494949494949495 0.0 0.0
0.9 0.01 0.02 0.07
0.0 0.97 0.02 0.01
0.02 0.01 0.0 0.97
0.02 0.07 0.9 0.01
0.0 0.0 0.050505050505050504 0.9494949494949495
0.0 0.09 0.22 0.69
0.8 0.12 0.05 0.03
0.32673267326732675 0.15841584158415842 0.2376237623762376 0.27722772277227725
0.28 0.13 0.14 0.45
0.13131313131313133 0.25252525252525254 0.1919191919191919 0.42424242424242425
0.4 0.43 0.12 0.05
0.27722772277227725 0.1188118811881188 0.18811881188118812 0.4158415841584158
0.16 0.09 0.1 0.65
0.2 0.17 0.52 0.11


MOTIF MA0464.1
letter-probability matrix:
0.10288534548215642 0.4345735256896988 0.0632118451025057 0.3993292837256391
0.3080865603644647 0.0331561629967097 0.459693748418122 0.1990635282207036
0.0 1.0 0.0 0.0
1.0 0.0 0.0 0.0
0.0 0.917046317388003 0.08295368261199697 0.0
0.1819159706403442 0.07004555808656036 0.0 0.7480384712730954
0.0 0.0 1.0 0.0
0.0 0.0 0.0 1.0
0.24417868893950898 0.7541761579347 0.0 0.001645153125790939
0.41945077195646674 0.26923563654770943 0.28948367501898253 0.021829916476841307
0.12832194381169323 0.39819033156163 0.24057200708681348 0.23291571753986332


MOTIF PH0009.1
letter-probability matrix:
0.3 0.36 0.06 0.28
0.4158415841584158 0.26732673267326734 0.06930693069306931 0.24752475247524752
0.27722772277227725 0.06930693069306931 0.15841584158415842 0.49504950495049505
0.2079207920792079 0.12871287128712872 0.21782178217821782 0.44554455445544555
0.01 0.45 0.54 0.0
0.9292929292929293 0.050505050505050504 0.0 0.020202020202020204
0.98989898989899 0.010101010101010102 0.0 0.0
0.0 0.0 0.98989898989899 0.010101010101010102
0.0 0.020202020202020204 0.9292929292929293 0.050505050505050504
0.54 0.0 0.01 0.45
0.2 0.32 0.2 0.28
0.15841584158415842 0.49504950495049505 0.27722772277227725 0.06930693069306931
0.14 0.19 0.49 0.18
0.21 0.37 0.11 0.31
0.75 0.05 0.07 0.13
0.29 0.12 0.27 0.32


MOTIF PH0012.1
letter-probability matrix:
0.29 0.15 0.38 0.18
0.39 0.1 0.2 0.31
0.4 0.25 0.11 0.24
0.14 0.06 0.07 0.73
0.13 0.03 0.01 0.83
0.01 0.28 0.71 0.0
0.49 0.47 0.04 0.0
0.8282828282828283 0.0 0.0 0.1717171717171717
0.01 0.0 0.99 0.0
0.74 0.01 0.25 0.0
0.92 0.0 0.08 0.0
0.94 0.01 0.05 0.0
0.6464646464646465 0.1111111111111111 0.1919191919191919 0.050505050505050504
0.16161616161616163 0.23232323232323232 0.43434343434343436 0.1717171717171717
0.14 0.11 0.49 0.26
0.36 0.21 0.33 0.1


MOTIF PH0013.1
letter-probability matrix:
0.31 0.15 0.29 0.25
0.3564356435643564 0.1782178217821782 0.13861386138613863 0.32673267326732675
0.3 0.3 0.1 0.3
0.19 0.06 0.09 0.66
0.1717171717171717 0.030303030303030304 0.0 0.797979797979798
0.0 0.46464646464646464 0.5353535353535354 0.0
0.58 0.4 0.02 0.0
0.97 0.0 0.0 0.03
0.01 0.0 0.99 0.0
0.88 0.0 0.12 0.0
0.95 0.0 0.05 0.0
0.94 0.01 0.05 0.0
0.57 0.15 0.23 0.05
0.1717171717171717 0.26262626262626265 0.4444444444444444 0.12121212121212122
0.14 0.11 0.49 0.26
0.22 0.3 0.35 0.13


MOTIF MA0102.1
letter-probability matrix:
0.16666666666666666 0.0 0.8333333333333334 0.0
0.05555555555555555 0.05555555555555555 0.6666666666666666 0.2222222222222222
0.2222222222222222 0.05555555555555555 0.3888888888888889 0.3333333333333333
0.1111111111111111 0.5 0.2777777777777778 0.1111111111111111
0.2222222222222222 0.1111111111111111 0.1111111111111111 0.5555555555555556
0.1111111111111111 0.8333333333333334 0.05555555555555555 0.0
1.0 0.0 0.0 0.0
1.0 0.0 0.0 0.0
0.0 0.3333333333333333 0.5555555555555556 0.1111111111111111
0.2777777777777778 0.3333333333333333 0.1111111111111111 0.2777777777777778
0.1111111111111111 0.2777777777777778 0.4444444444444444 0.16666666666666666
0.05555555555555555 0.3333333333333333 0.3333333333333333 0.2777777777777778


MOTIF MA0102.2
letter-probability matrix:
0.16666666666666666 0.0 0.8333333333333334 0.0
0.05555555555555555 0.05555555555555555 0.6666666666666666 0.2222222222222222
0.2222222222222222 0.05555555555555555 0.3888888888888889 0.3333333333333333
0.1111111111111111 0.5 0.2777777777777778 0.1111111111111111
0.2222222222222222 0.1111111111111111 0.1111111111111111 0.5555555555555556
0.1111111111111111 0.8333333333333334 0.05555555555555555 0.0
1.0 0.0 0.0 0.0
1.0 0.0 0.0 0.0
0.0 0.3333333333333333 0.5555555555555556 0.1111111111111111


MOTIF PH0014.1
letter-probability matrix:
0.34 0.18 0.22 0.26
0.030303030303030304 0.0 0.9696969696969697 0.0
0.04 0.02 0.01 0.93
0.9702970297029703 0.009900990099009901 0.009900990099009901 0.009900990099009901
0.04 0.0 0.9 0.06
0.1 0.37 0.24 0.29
0.22 0.28 0.15 0.35
0.54 0.34 0.04 0.08
0.95 0.03 0.01 0.01
0.009900990099009901 0.009900990099009901 0.9801980198019802 0.0
0.0 0.9797979797979798 0.020202020202020204 0.0
0.95 0.01 0.03 0.01
0.61 0.14 0.1 0.15
0.36 0.21 0.33 0.1


MOTIF MA0018.2
letter-probability matrix:
0.0 0.09090909090909091 0.8181818181818182 0.09090909090909091
0.0 0.09090909090909091 0.0 0.9090909090909091
1.0 0.0 0.0 0.0
0.0 0.8181818181818182 0.0 0.18181818181818182
0.09090909090909091 0.0 0.0 0.9090909090909091
0.0 0.2727272727272727 0.7272727272727273 0.0
0.18181818181818182 0.6363636363636364 0.09090909090909091 0.09090909090909091
0.7272727272727273 0.0 0.18181818181818182 0.09090909090909091


MOTIF MA0608.1
letter-probability matrix:
0.002002002002002002 0.002002002002002002 0.2502502502502503 0.7457457457457457
0.25 0.623 0.126 0.001
0.001 0.872 0.001 0.126
0.996996996996997 0.001001001001001001 0.001001001001001001 0.001001001001001001
0.001001001001001001 0.996996996996997 0.001001001001001001 0.001001001001001001
0.001001001001001001 0.001001001001001001 0.001001001001001001 0.996996996996997
0.001001001001001001 0.001001001001001001 0.996996996996997 0.001001001001001001
0.001001001001001001 0.14314314314314314 0.001001001001001001 0.8548548548548549
0.25 0.002 0.498 0.25


MOTIF MA0840.1
letter-probability matrix:
0.3246016743181204 0.1998379692141507 0.18768566027545233 0.2878746961922765
0.8762715874142418 0.05370238940146676 0.009462976105985333 0.06056304707830613
0.001610305958132045 0.0042941492216854536 0.9940955448201825 0.0
0.0028011204481792717 0.001292824822236587 0.1978021978021978 0.7981038569273864
0.9970390309555854 0.0 0.0026917900403768506 0.00026917900403768504
0.0 0.9848444562616325 0.015155543738367456 0.0
0.039169909208819714 0.0 0.0 0.9608300907911803
0.004828326180257511 0.001609442060085837 0.9935622317596566 0.0
0.19827027027027028 0.8008648648648649 0.0008648648648648649 0.0
0.9994603345925526 0.0 0.0005396654074473826 0.0
0.006568575932737782 0.4889647924330005 0.4842354177614293 0.02023121387283237
0.19978401727861772 0.3957883369330454 0.30399568034557234 0.10043196544276457


MOTIF MA0609.1
letter-probability matrix:
0.183 0.183 0.363 0.271
0.6456456456456456 0.08708708708708708 0.08708708708708708 0.18018018018018017
0.0 0.0 1.0 0.0
0.0 0.0 0.275 0.725
1.0 0.0 0.0 0.0
0.0 1.0 0.0 0.0
0.0 0.0 0.0 1.0
0.0 0.0 1.0 0.0
0.548 0.318 0.067 0.067
0.511 0.163 0.163 0.163


MOTIF PH0015.1
letter-probability matrix:
0.09 0.47 0.31 0.13
0.09900990099009901 0.21782178217821782 0.3069306930693069 0.37623762376237624
0.32673267326732675 0.09900990099009901 0.43564356435643564 0.13861386138613863
0.26 0.12 0.45 0.17
0.09 0.11 0.07 0.73
0.0891089108910891 0.26732673267326734 0.04950495049504951 0.594059405940594
0.04040404040404041 0.0 0.0 0.9595959595959596
0.0 0.0 0.0 1.0
0.96 0.04 0.0 0.0
0.0 0.0 1.0 0.0
0.02 0.0 0.98 0.0
0.98 0.0 0.02 0.0
0.37 0.03 0.2 0.4
0.09090909090909091 0.6868686868686869 0.12121212121212122 0.10101010101010101
0.10101010101010101 0.5252525252525253 0.1414141414141414 0.23232323232323232
0.19 0.16 0.4 0.25


MOTIF MA0467.1
letter-probability matrix:
0.5755841678588459 0.14163090128755365 0.06437768240343347 0.2184072484501669
0.6933714830710539 0.02050548402479733 0.08726752503576538 0.1988555078683834
0.16547448736289938 0.026227944682880304 0.1072961373390558 0.7010014306151645
0.4496900333810205 0.10586552217453506 0.051979017644253694 0.39246542680019075
0.24558893657606104 0.0 0.003814973772055317 0.7505960896518836
0.0 0.0 0.0 1.0
0.7782546494992847 0.2217453505007153 0.0 0.0
0.0 0.0 1.0 0.0
0.0 0.013829279923700524 0.9861707200762995 0.0
0.9513590844062947 0.0 0.04864091559370529 0.0
0.25941821649976154 0.02479732951835956 0.08345255126371007 0.6323319027181689


MOTIF PH0016.1
letter-probability matrix:
0.5959595959595959 0.06060606060606061 0.0707070707070707 0.2727272727272727
0.10891089108910891 0.5346534653465347 0.13861386138613863 0.21782178217821782
0.16 0.51 0.21 0.12
0.23232323232323232 0.15151515151515152 0.09090909090909091 0.5252525252525253
0.2871287128712871 0.18811881188118812 0.10891089108910891 0.4158415841584158
0.13 0.16 0.62 0.09
0.08080808080808081 0.0707070707070707 0.8383838383838383 0.010101010101010102
0.29292929292929293 0.010101010101010102 0.020202020202020204 0.6767676767676768
0.96 0.01 0.01 0.02
0.019801980198019802 0.009900990099009901 0.9603960396039604 0.009900990099009901
0.0594059405940594 0.6039603960396039 0.31683168316831684 0.019801980198019802
0.7920792079207921 0.0594059405940594 0.13861386138613863 0.009900990099009901
0.31 0.35 0.23 0.11
0.12871287128712872 0.4752475247524752 0.09900990099009901 0.297029702970297
0.35353535353535354 0.08080808080808081 0.41414141414141414 0.15151515151515152
0.12871287128712872 0.2871287128712871 0.27722772277227725 0.3069306930693069
0.41 0.1 0.19 0.3


MOTIF PH0017.1
letter-probability matrix:
0.23232323232323232 0.08080808080808081 0.47474747474747475 0.21212121212121213
0.51 0.19 0.13 0.17
0.42 0.14 0.12 0.32
0.030303030303030304 0.18181818181818182 0.696969696969697 0.09090909090909091
0.1414141414141414 0.050505050505050504 0.1414141414141414 0.6666666666666666
0.87 0.05 0.05 0.03
0.04 0.01 0.94 0.01
0.33663366336633666 0.0594059405940594 0.09900990099009901 0.504950495049505
0.94 0.01 0.04 0.01
0.05 0.03 0.87 0.05
0.1414141414141414 0.6666666666666666 0.1414141414141414 0.050505050505050504
0.696969696969697 0.09090909090909091 0.030303030303030304 0.18181818181818182
0.26 0.41 0.18 0.15
0.15 0.07 0.66 0.12
0.49 0.13 0.19 0.19


MOTIF PH0018.1
letter-probability matrix:
0.19 0.23 0.42 0.16
0.61 0.07 0.27 0.05
0.45544554455445546 0.0594059405940594 0.1782178217821782 0.3069306930693069
0.22772277227722773 0.12871287128712872 0.5445544554455446 0.09900990099009901
0.24 0.23 0.46 0.07
0.62 0.14 0.16 0.08
0.74 0.03 0.18 0.05
0.11 0.1 0.72 0.07
0.13 0.11 0.72 0.04
0.73 0.03 0.15 0.09
0.54 0.1 0.31 0.05
0.19801980198019803 0.1485148514851485 0.5544554455445545 0.09900990099009901
0.59 0.07 0.17 0.17
0.5 0.16 0.12 0.22
0.28 0.11 0.47 0.14
0.297029702970297 0.18811881188118812 0.32673267326732675 0.18811881188118812
0.4 0.14 0.17 0.29


MOTIF PH0019.1
letter-probability matrix:
0.13861386138613863 0.26732673267326734 0.32673267326732675 0.26732673267326734
0.24 0.09 0.35 0.32
0.2222222222222222 0.24242424242424243 0.3333333333333333 0.20202020202020202
0.4444444444444444 0.29292929292929293 0.2222222222222222 0.04040404040404041
0.7 0.07 0.15 0.08
0.1782178217821782 0.1188118811881188 0.6039603960396039 0.09900990099009901
0.06 0.12 0.82 0.0
0.93 0.01 0.04 0.02
0.95 0.01 0.02 0.02
0.03 0.0 0.96 0.01
0.0297029702970297 0.019801980198019802 0.6633663366336634 0.2871287128712871
0.73 0.01 0.11 0.15
0.4444444444444444 0.1111111111111111 0.24242424242424243 0.20202020202020202
0.04 0.09 0.59 0.28
0.27 0.16 0.43 0.14
0.28 0.35 0.2 0.17


MOTIF UN0251.1
letter-probability matrix:
0.3586256263421618 0.1324266284896206 0.19183965640658554 0.31710808876163205
0.2526843235504653 0.15819613457408732 0.2641374373657838 0.3249821045096636
0.4359341445955619 0.31066571224051537 0.05941302791696493 0.19398711524695778
0.012884753042233358 0.01789549033643522 0.9549033643521833 0.014316392269148175
0.025769506084466716 0.012884753042233358 0.020042949176807445 0.9413027916964924
0.9484609878310666 0.01717967072297781 0.0164638511095204 0.01789549033643522
0.010737294201861132 0.02791696492483894 0.9541875447387258 0.0071581961345740875
0.00572655690765927 0.002863278453829635 0.0071581961345740875 0.984251968503937
0.21617752326413744 0.2534001431639227 0.5211166785969935 0.009305654974946313
0.9312813171080888 0.05153901216893343 0.01145311381531854 0.00572655690765927
0.9849677881173944 0.002863278453829635 0.006442376521116679 0.00572655690765927
0.0816034359341446 0.1889763779527559 0.6213314244810307 0.10808876163206872
0.22476735862562633 0.39012168933428776 0.21546170365068004 0.16964924838940587
0.2763063707945598 0.2526843235504653 0.2877594846098783 0.18324982104509663
0.25053686471009307 0.24337866857551896 0.29205440229062274 0.2140300644237652


MOTIF PH0020.1
letter-probability matrix:
0.16161616161616163 0.29292929292929293 0.2727272727272727 0.2727272727272727
0.13 0.24 0.5 0.13
0.17 0.11 0.11 0.61
0.45 0.24 0.1 0.21
0.35 0.07 0.18 0.4
0.29 0.14 0.2 0.37
0.01 0.12 0.87 0.0
0.9801980198019802 0.009900990099009901 0.0 0.009900990099009901
0.99 0.0 0.01 0.0
0.01 0.0 0.99 0.0
0.0 0.01 0.98 0.01
0.94 0.0 0.01 0.05
0.41 0.19 0.2 0.2
0.07920792079207921 0.3564356435643564 0.44554455445544555 0.1188118811881188


MOTIF MA0879.1
letter-probability matrix:
0.25637000362275086 0.34114237410940706 0.1834319526627219 0.21905566960512016
0.3120019319005071 0.33747886983820335 0.15829509780246317 0.19222410045882637
